OBP_RAW V1
A4 15 22 E0 18 0E 28
B60A9F
BC1F5E
0044 0000 0049 00 00 00 00 00 00 00 00 00 00 00 00 00 00 00 00 00 00 00 00 00 00 00 00 00 00 00 00 00 00 00 00 00 00 00 00 00 00 00 00 00 00 00 00 00 00 00 00 00 00 00 00 00 00 00 00 00 00 00 00 00 00 00 00 00 00 00 00 00 00 00 00 00
0026 0000 0040 01 03 17 00 00 00 00 00 00 00 00 00 00 00 00 00 00 00 00 00 00 00 00 00 00 00 00 00 00 00 00 00 00 00 00 00 00 00 00 00 00 00 00 00 00 00 00 00 00 00 00 00 00 00 00 00 00 00 00 00 00 00 00 00
0047 0000 00C8 50 0A 00 00 50 50 01 02 00 00 00 00 00 00 00 00 00 00 00 00 00 00 00 00 00 00 00 00 00 00 00 00 00 00 00 00 00 00 00 00 00 00 00 00 00 00 00 00 00 00 00 00 00 00 00 00 00 00 00 00 00 00 00 00 00 00 00 00 00 00 00 00 00 00 00 00 00 00 00 00 00 00 00 00 00 00 00 00 00 00 00 00 00 00 00 00 00 00 00 00 00 00 00 00 00 00 00 00 00 00 00 00 00 00 00 00 00 00 00 00 00 00 00 00 00 00 00 00 00 00 00 00 00 00 00 00 00 00 00 00 00 00 00 00 00 00 00 00 00 00 00 00 00 00 00 00 00 00 00 00 00 00 00 00 00 00 00 00 00 00 00 00 00 00 00 00 00 00 00 00 00 00 00 00 00 00 00 00 00 00 00 00 00 00 00 00 00 00 00 00
006E 0000 001C 01 00 F9 03 21 06 81 09 49 08 09 07 D1 07 D9 06 39 05 01 04 31 05 01 00 01 00 01 00
006E 0001 001C 00 00 00 00 00 00 00 00 00 00 00 00 00 00 00 00 00 00 00 00 00 00 00 00 00 00 00 00
006E 0002 001C 00 00 00 00 00 00 00 00 00 00 00 00 00 00 00 00 00 00 00 00 00 00 00 00 00 00 00 00
006E 0003 001C B3 03 A3 03 9B 03 9B 03 93 03 93 03 93 03 93 03 9B 03 A3 03 A3 03 AB 03 03 00 03 00
006E 0004 001C 00 00 00 00 00 00 00 00 00 00 00 00 00 00 00 00 00 00 00 00 00 00 00 00 00 00 00 00
006E 0005 001C 00 00 00 00 00 00 00 00 00 00 00 00 00 00 00 00 00 00 00 00 00 00 00 00 00 00 00 00
0007 0000 0005 0C 0C 14 43 00
0008 0000 000F 4B 00 01 05 00 00 0A 32 00 00 0B 00 00 01 80
0012 0000 0002 00 00
0013 0000 0006 00 00 00 00 00 00
0019 0000 0022 03 00 60 6D 20 4E 30 02 CC 01 30 02 CC 01 30 02 CC 01 00 00 00 00 64 58 1B 32 00 32 00 32 00 00 00 14
0028 0000 0005 10 00 05 05 05
002A 0000 000D 20 00 FF 32 82 00 00 0A 05 00 00 01 00
002E 0000 000C 04 00 10 10 00 00 00 00 00 01 00 00
0038 0000 001C 03 00 01 41 04 04 04 04 04 05 05 05 05 05 05 05 06 06 06 06 05 04 05 05 0F 00 00 00
003D 0000 0005 01 00 00 D0 07
003D 0001 0005 00 00 00 00 00
003D 0002 0005 00 00 00 00 00
003D 0003 0005 00 00 00 00 00
003D 0004 0005 03 00 01 E8 03
003D 0005 0005 00 00 00 00 00
0041 0000 0017 01 00 00 00 00 00 00 00 00 00 00 00 00 00 00 00 00 01 00 00 00 00 00
0041 0001 0017 00 00 00 00 00 00 00 00 00 00 00 00 00 00 00 00 00 00 00 00 00 00 00
0041 0002 0017 00 00 00 00 00 00 00 00 00 00 00 00 00 00 00 00 00 00 00 00 00 00 00
0046 0000 000A 00 33 00 07 00 00 00 00 00 01
0046 0001 000A 00 34 00 07 00 00 00 02 00 01
0046 0002 000A 00 34 00 3D 00 00 01 07 00 00
0046 0003 000A 00 0A 00 3D 00 00 01 06 00 00
0046 0004 000A 00 0B 00 3D 00 00 01 07 00 00
0046 0005 000A 00 0B 00 07 00 00 00 00 00 01
0046 0006 000A 00 0D 00 07 00 00 00 04 00 01
0046 0007 000A 00 00 00 00 00 00 00 00 00 00
0046 0008 000A 00 00 00 00 00 00 00 00 00 00
0046 0009 000A 00 00 00 00 00 00 00 00 00 00
0046 000A 000A 00 00 00 00 00 00 00 00 00 00
0046 000B 000A 00 00 00 00 00 00 00 00 00 00
0046 000C 000A 00 00 00 00 00 00 00 00 00 00
0046 000D 000A 00 00 00 00 00 00 00 00 00 00
0046 000E 000A 00 00 00 00 00 00 00 00 00 00
0046 000F 000A 00 00 00 00 00 00 00 00 00 00
0046 0010 000A 00 00 00 00 00 00 00 00 00 00
0046 0011 000A 00 00 00 00 00 00 00 00 00 00
0046 0012 000A 00 00 00 00 00 00 00 00 00 00
0046 0013 000A 00 00 00 00 00 00 00 00 00 00
0048 0000 0055 4B 00 00 01 00 05 0A 05 05 0E 0F 0F 02 02 20 50 0D 0E 36 A5 01 0F 19 23 2D 44 18 18 18 18 18 10 10 10 10 10 00 00 1E 22 01 12 1B 2F 47 57 18 20 18 20 18 18 18 18 18 18 00 0A 46 55 4F 56 5A 5E 62 64 20 28 20 28 20 20 28 20 28 20 00 0A 00 FF 00 03 08 02 02
004E 0000 000C 00 00 00 00 00 00 00 00 00 00 00 00
0050 0000 000C 01 14 78 3F 32 05 03 00 00 00 00 00
0051 0000 0012 04 90 01 00 E6 FF 19 00 E6 FF 19 00 00 00 00 05 00 00
0051 0001 0012 04 90 01 00 00 FF 19 00 00 FF 19 00 00 00 00 05 00 00
0051 0002 0012 00 00 00 00 00 00 00 00 00 00 00 00 00 00 00 00 00 00
0051 0003 0012 00 00 00 00 00 00 00 00 00 00 00 00 00 00 00 00 00 00
005D 0000 001E 0D 3C 00 FC 03 3C 00 44 07 FF 0F FF 0F 00 14 00 14 04 00 00 C8 00 C8 00 00 14 00 14 00 00
005F 0000 0005 C0 0A 33 01 00
0060 0000 0008 2C 01 2C 01 2C 01 00 00
0061 0000 000A 83 01 0E 23 02 02 01 00 00 00
0061 0001 000A 83 01 0F 23 02 02 02 00 00 00
0061 0002 000A 83 01 0F 23 02 02 04 00 00 00
0061 0003 000A 00 00 00 00 00 00 00 00 00 00
0062 0000 0005 01 00 02 09 0F
0064 0000 003C 8B F6 0F 23 00 00 0A 88 00 15 36 01 0F 7F 07 14 32 2C 48 00 0C 36 0A 0A 37 04 28 37 0E 0B 23 03 1E 00 00 01 3C 01 00 01 01 01 00 0F 42 DC 1E 0A 00 08 00 0A 0A 01 00 00 B2 46 00 00
0068 0000 000B 01 09 2D 0F 0A 03 09 2D 0F 0A 03
006C 0000 004B 00 00 00 00 00 00 00 00 00 00 00 00 00 00 00 00 00 00 00 00 00 00 00 00 00 00 00 00 00 00 00 00 00 00 00 00 00 00 00 00 00 00 00 00 00 00 00 00 00 00 00 00 00 00 00 00 00 00 00 00 00 00 00 00 00 00 00 00 00 00 00 00 00 00 00
006D 0000 0009 42 00 05 00 00 00 00 00 00
006F 0000 0017 00 00 5A 5C 28 28 05 03 00 FF 00 00 00 00 00 00 00 00 28 00 33 50 00
006F 0001 0017 00 01 3C 1E 40 40 0A 00 00 00 00 00 00 00 00 00 00 00 00 00 00 00 00
0070 0000 0005 00 00 00 00 00
0071 0000 0003 05 04 04
0073 0000 0014 00 00 00 00 00 00 00 00 00 00 00 00 00 00 00 00 0F 00 00 00
0074 0000 00FF 00 00 00 00 00 00 00 00 00 00 00 00 00 00 00 00 00 00 00 00 00 00 00 00 00 00 00 00 00 00 00 00 00 00 00 00 00 00 00 00 00 00 00 00 00 00 00 00 00 00 00 00 00 00 00 00 00 00 00 00 00 00 00 00 00 00 00 00 00 00 00 00 00 00 00 00 00 00 00 00 00 00 00 00 00 00 00 00 00 00 00 00 00 00 00 00 00 00 00 00 00 00 00 00 00 00 00 00 00 00 00 00 00 00 00 00 00 00 00 00 00 00 00 00 00 00 00 00 00 00 00 00 00 00 00 00 00 00 00 00 00 00 00 00 00 00 00 00 00 00 00 00 00 00 00 00 00 00 00 00 00 00 00 00 00 00 00 00 00 00 00 00 00 00 00 00 00 00 00 00 00 00 00 00 00 00 00 00 00 00 00 00 00 00 00 00 00 00 00 00 00 00 00 00 00 00 00 00 00 00 00 00 00 00 00 00 00 00 00 00 00 00 00 00 00 00 00 00 00 00 00 00 00 00 00 00 00 00 00 00 00 00 00 00 00 00 00 00 00 00 00 00 00 00 00
0079 0000 0003 01 03 00
00DC 0000 000A 00 00 00 00 FF 01 01 01 00 00
